
                            mean       std    median      5.0%     95.0%     n_eff     r_hat
              a_raw[0]     -0.01      0.10     -0.00     -0.17      0.15    161.80      1.00
              a_raw[1]     -0.05      0.13     -0.05     -0.28      0.15     90.58      1.02
              a_raw[2]     -0.12      0.17     -0.13     -0.40      0.13     86.59      1.02
              a_raw[3]     -0.23      0.19     -0.23     -0.53      0.08     63.99      1.03
              a_raw[4]     -0.38      0.20     -0.39     -0.70     -0.06     52.03      1.03
              a_raw[5]     -0.51      0.21     -0.52     -0.87     -0.19     48.95      1.03
              a_raw[6]     -0.63      0.22     -0.64     -0.97     -0.26     44.68      1.03
              a_raw[7]     -0.77      0.23     -0.78     -1.13     -0.40     47.48      1.03
              a_raw[8]     -0.95      0.23     -0.96     -1.32     -0.58     45.80      1.03
              a_raw[9]     -1.08      0.23     -1.09     -1.49     -0.73     48.90      1.03
             a_raw[10]     -1.18      0.24     -1.17     -1.61     -0.82     48.95      1.03
             a_raw[11]     -1.29      0.24     -1.29     -1.66     -0.88     49.96      1.03
             a_raw[12]     -1.42      0.24     -1.42     -1.81     -1.06     49.11      1.03
             a_raw[13]     -1.44      0.25     -1.44     -1.85     -1.06     50.28      1.02
             a_raw[14]     -1.49      0.26     -1.48     -1.90     -1.08     53.96      1.03
             a_raw[15]     -1.56      0.25     -1.55     -1.96     -1.17     50.83      1.03
             a_raw[16]     -1.60      0.26     -1.58     -2.04     -1.20     51.56      1.04
             a_raw[17]     -1.64      0.26     -1.63     -2.05     -1.20     48.90      1.04
             a_raw[18]     -1.68      0.27     -1.67     -2.14     -1.27     48.31      1.04
             a_raw[19]     -1.71      0.26     -1.71     -2.12     -1.27     47.48      1.04
             a_raw[20]     -1.66      0.27     -1.66     -2.12     -1.24     44.90      1.03
             a_raw[21]     -1.66      0.27     -1.66     -2.10     -1.21     48.19      1.03
             a_raw[22]     -1.69      0.27     -1.68     -2.11     -1.23     50.89      1.04
             a_raw[23]     -1.62      0.27     -1.62     -2.09     -1.23     51.68      1.03
             a_raw[24]     -1.60      0.27     -1.60     -2.02     -1.14     51.32      1.03
             a_raw[25]     -1.60      0.26     -1.60     -2.03     -1.19     46.54      1.04
             a_raw[26]     -1.58      0.26     -1.57     -1.96     -1.14     46.96      1.04
             a_raw[27]     -1.50      0.27     -1.51     -1.92     -1.06     45.48      1.03
             a_raw[28]     -1.48      0.27     -1.48     -1.92     -1.07     48.84      1.03
             a_raw[29]     -1.47      0.26     -1.48     -1.92     -1.08     48.99      1.04
             a_raw[30]     -1.42      0.26     -1.41     -1.81     -0.96     48.87      1.04
             a_raw[31]     -1.42      0.26     -1.43     -1.86     -1.00     50.37      1.03
             a_raw[32]     -1.45      0.25     -1.45     -1.88     -1.05     49.01      1.04
             a_raw[33]     -1.46      0.25     -1.46     -1.87     -1.03     49.46      1.04
             a_raw[34]     -1.39      0.26     -1.39     -1.83     -0.98     51.05      1.03
             a_raw[35]     -1.39      0.26     -1.40     -1.80     -0.96     49.08      1.03
             a_raw[36]     -1.43      0.25     -1.43     -1.79     -0.96     47.13      1.04
             a_raw[37]     -1.35      0.25     -1.35     -1.76     -0.92     46.27      1.04
             a_raw[38]     -1.29      0.25     -1.29     -1.77     -0.94     48.66      1.04
             a_raw[39]     -1.28      0.25     -1.28     -1.69     -0.86     43.46      1.04
             a_raw[40]     -1.27      0.24     -1.27     -1.65     -0.85     41.37      1.05
             a_raw[41]     -1.16      0.25     -1.16     -1.57     -0.77     41.42      1.04
             a_raw[42]     -1.12      0.25     -1.13     -1.54     -0.74     38.89      1.04
             a_raw[43]     -1.13      0.24     -1.14     -1.51     -0.74     42.17      1.05
             a_raw[44]     -1.06      0.24     -1.08     -1.45     -0.68     40.38      1.04
             a_raw[45]     -1.03      0.24     -1.03     -1.43     -0.65     40.88      1.05
             a_raw[46]     -1.04      0.23     -1.05     -1.39     -0.63     38.44      1.04
             a_raw[47]     -1.04      0.24     -1.05     -1.42     -0.68     37.79      1.04
             a_raw[48]     -0.95      0.24     -0.96     -1.35     -0.58     37.98      1.05
             a_raw[49]     -0.94      0.24     -0.95     -1.32     -0.56     36.28      1.04
             a_raw[50]     -0.97      0.24     -1.00     -1.38     -0.65     37.95      1.05
             a_raw[51]     -0.90      0.24     -0.91     -1.26     -0.51     39.97      1.05
             a_raw[52]     -0.84      0.24     -0.86     -1.19     -0.43     40.63      1.04
             a_raw[53]     -0.84      0.24     -0.86     -1.18     -0.42     38.54      1.04
             a_raw[54]     -0.83      0.24     -0.85     -1.18     -0.43     36.06      1.05
             a_raw[55]     -0.76      0.24     -0.79     -1.16     -0.40     37.82      1.05
             a_raw[56]     -0.76      0.24     -0.78     -1.14     -0.38     36.86      1.05
             a_raw[57]     -0.81      0.23     -0.83     -1.14     -0.42     35.03      1.05
             a_raw[58]     -0.73      0.23     -0.75     -1.10     -0.37     34.89      1.05
             a_raw[59]     -0.64      0.24     -0.66     -1.02     -0.26     36.14      1.05
             a_raw[60]     -0.57      0.25     -0.59     -0.98     -0.21     36.30      1.06
             a_raw[61]     -0.55      0.25     -0.58     -0.94     -0.16     39.15      1.05
             a_raw[62]     -0.54      0.25     -0.57     -0.92     -0.13     39.51      1.06
             a_raw[63]     -0.52      0.25     -0.55     -0.93     -0.15     40.89      1.05
             a_raw[64]     -0.48      0.25     -0.50     -0.90     -0.10     41.47      1.04
             a_raw[65]     -0.47      0.25     -0.50     -0.87     -0.09     41.55      1.05
             a_raw[66]     -0.47      0.25     -0.50     -0.83     -0.04     38.13      1.05
             a_raw[67]     -0.47      0.25     -0.50     -0.85     -0.08     35.59      1.05
             a_raw[68]     -0.46      0.25     -0.49     -0.82     -0.04     38.03      1.05
             a_raw[69]     -0.48      0.24     -0.51     -0.87     -0.09     38.31      1.05
             a_raw[70]     -0.52      0.25     -0.55     -0.89     -0.10     38.50      1.05
             a_raw[71]     -0.51      0.25     -0.55     -0.91     -0.14     38.83      1.05
             a_raw[72]     -0.51      0.25     -0.53     -0.90     -0.12     38.50      1.05
             a_raw[73]     -0.52      0.24     -0.55     -0.87     -0.13     37.28      1.05
             a_raw[74]     -0.47      0.25     -0.50     -0.84     -0.06     35.51      1.05
             a_raw[75]     -0.42      0.25     -0.45     -0.83     -0.02     37.47      1.04
             a_raw[76]     -0.41      0.25     -0.45     -0.76      0.04     37.83      1.05
             a_raw[77]     -0.39      0.25     -0.43     -0.80     -0.01     36.32      1.05
             a_raw[78]     -0.38      0.25     -0.41     -0.76      0.04     38.42      1.05
             a_raw[79]     -0.42      0.25     -0.44     -0.80     -0.01     37.34      1.05
             a_raw[80]     -0.44      0.25     -0.47     -0.82     -0.03     37.07      1.04
             a_raw[81]     -0.50      0.24     -0.52     -0.87     -0.12     38.15      1.04
             a_raw[82]     -0.59      0.24     -0.62     -0.96     -0.21     37.53      1.04
             a_raw[83]     -0.52      0.25     -0.54     -0.90     -0.14     37.90      1.04
             a_raw[84]     -0.46      0.25     -0.48     -0.85     -0.04     37.97      1.03
             a_raw[85]     -0.43      0.25     -0.46     -0.81     -0.01     39.38      1.04
             a_raw[86]     -0.44      0.25     -0.46     -0.83     -0.03     38.25      1.04
             a_raw[87]     -0.44      0.25     -0.46     -0.86     -0.07     39.25      1.03
             a_raw[88]     -0.44      0.25     -0.47     -0.83     -0.04     38.51      1.03
             a_raw[89]     -0.44      0.25     -0.46     -0.84     -0.05     38.81      1.03
             a_raw[90]     -0.47      0.25     -0.49     -0.82     -0.04     37.85      1.03
             a_raw[91]     -0.47      0.25     -0.51     -0.86     -0.06     35.78      1.03
             a_raw[92]     -0.48      0.25     -0.50     -0.85     -0.06     36.76      1.04
             a_raw[93]     -0.51      0.25     -0.54     -0.92     -0.12     38.35      1.03
             a_raw[94]     -0.54      0.24     -0.56     -0.88     -0.09     37.93      1.03
             a_raw[95]     -0.53      0.25     -0.56     -0.93     -0.16     37.92      1.03
             a_raw[96]     -0.52      0.25     -0.54     -0.90     -0.10     38.10      1.03
             a_raw[97]     -0.53      0.25     -0.55     -0.92     -0.13     37.19      1.04
             a_raw[98]     -0.52      0.25     -0.54     -0.91     -0.10     38.99      1.04
             a_raw[99]     -0.50      0.25     -0.52     -0.91     -0.10     39.82      1.04
            a_raw[100]     -0.52      0.25     -0.54     -0.92     -0.12     38.08      1.04
            a_raw[101]     -0.54      0.25     -0.55     -0.93     -0.14     37.12      1.05
            a_raw[102]     -0.53      0.25     -0.56     -0.91     -0.14     37.93      1.04
            a_raw[103]     -0.55      0.25     -0.58     -0.92     -0.11     39.70      1.04
            a_raw[104]     -0.60      0.24     -0.62     -0.96     -0.19     37.62      1.04
            a_raw[105]     -0.63      0.25     -0.64     -1.03     -0.25     37.41      1.04
            a_raw[106]     -0.63      0.25     -0.64     -1.00     -0.24     37.79      1.04
            a_raw[107]     -0.64      0.25     -0.66     -1.05     -0.25     39.23      1.03
            a_raw[108]     -0.66      0.25     -0.69     -1.05     -0.26     37.93      1.04
            a_raw[109]     -0.69      0.25     -0.71     -1.10     -0.32     36.87      1.04
            a_raw[110]     -0.72      0.24     -0.74     -1.08     -0.32     37.32      1.05
            a_raw[111]     -0.77      0.24     -0.78     -1.14     -0.38     36.68      1.06
            a_raw[112]     -0.78      0.24     -0.80     -1.19     -0.43     37.76      1.05
            a_raw[113]     -0.79      0.24     -0.80     -1.18     -0.45     38.14      1.04
            a_raw[114]     -0.83      0.23     -0.84     -1.20     -0.46     35.85      1.05
            a_raw[115]     -0.86      0.24     -0.87     -1.24     -0.49     37.76      1.05
            a_raw[116]     -0.86      0.24     -0.88     -1.24     -0.50     38.62      1.05
            a_raw[117]     -0.87      0.24     -0.88     -1.23     -0.50     37.65      1.04
            a_raw[118]     -0.92      0.23     -0.94     -1.28     -0.54     35.26      1.04
            a_raw[119]     -0.96      0.24     -0.99     -1.31     -0.56     36.04      1.04
            a_raw[120]     -0.96      0.24     -0.98     -1.33     -0.57     39.00      1.03
            a_raw[121]     -0.99      0.23     -1.02     -1.38     -0.64     38.30      1.03
            a_raw[122]     -1.01      0.24     -1.03     -1.39     -0.63     37.41      1.04
            a_raw[123]     -1.01      0.24     -1.02     -1.41     -0.64     37.85      1.04
            a_raw[124]     -1.02      0.24     -1.03     -1.40     -0.64     38.84      1.04
            a_raw[125]     -1.08      0.23     -1.10     -1.45     -0.70     37.22      1.04
            a_raw[126]     -1.10      0.23     -1.12     -1.49     -0.75     40.22      1.04
            a_raw[127]     -1.10      0.23     -1.12     -1.46     -0.74     40.63      1.04
            a_raw[128]     -1.14      0.23     -1.15     -1.52     -0.78     41.34      1.05
            a_raw[129]     -1.17      0.23     -1.19     -1.56     -0.82     38.81      1.05
            a_raw[130]     -1.16      0.24     -1.16     -1.50     -0.73     40.32      1.05
            a_raw[131]     -1.15      0.24     -1.17     -1.48     -0.71     39.76      1.05
            a_raw[132]     -1.19      0.24     -1.20     -1.58     -0.81     40.15      1.04
            a_raw[133]     -1.20      0.24     -1.21     -1.59     -0.81     42.77      1.04
            a_raw[134]     -1.20      0.24     -1.21     -1.60     -0.80     41.28      1.04
            a_raw[135]     -1.24      0.24     -1.26     -1.63     -0.87     39.11      1.04
            a_raw[136]     -1.27      0.24     -1.28     -1.65     -0.87     39.55      1.04
            a_raw[137]     -1.26      0.24     -1.27     -1.64     -0.85     41.21      1.04
            a_raw[138]     -1.25      0.25     -1.26     -1.68     -0.87     42.13      1.04
            a_raw[139]     -1.28      0.25     -1.29     -1.69     -0.90     42.16      1.04
            a_raw[140]     -1.28      0.25     -1.28     -1.68     -0.89     43.30      1.03
            a_raw[141]     -1.24      0.25     -1.24     -1.65     -0.85     41.44      1.04
            a_raw[142]     -1.26      0.24     -1.26     -1.65     -0.86     38.90      1.05
            a_raw[143]     -1.25      0.24     -1.25     -1.64     -0.82     40.06      1.04
            a_raw[144]     -1.22      0.25     -1.23     -1.61     -0.80     39.74      1.04
            a_raw[145]     -1.21      0.26     -1.21     -1.59     -0.75     42.14      1.04
            a_raw[146]     -1.23      0.26     -1.24     -1.62     -0.79     41.99      1.04
            a_raw[147]     -1.23      0.26     -1.24     -1.62     -0.79     43.46      1.04
            a_raw[148]     -1.26      0.27     -1.26     -1.68     -0.81     48.83      1.04
            a_raw[149]     -1.29      0.25     -1.29     -1.66     -0.85     44.50      1.04
            a_raw[150]     -1.34      0.24     -1.35     -1.72     -0.93     44.82      1.04
            a_raw[151]     -1.42      0.24     -1.44     -1.82     -1.05     42.78      1.04
            a_raw[152]     -1.40      0.24     -1.41     -1.81     -1.04     42.03      1.05
            a_raw[153]     -1.35      0.24     -1.35     -1.73     -0.95     42.55      1.04
            a_raw[154]     -1.29      0.24     -1.30     -1.69     -0.93     43.85      1.04
            a_raw[155]     -1.24      0.24     -1.24     -1.67     -0.87     45.34      1.04
            a_raw[156]     -1.24      0.24     -1.25     -1.60     -0.84     41.20      1.05
            a_raw[157]     -1.24      0.24     -1.25     -1.61     -0.85     40.39      1.04
            a_raw[158]     -1.20      0.24     -1.21     -1.58     -0.79     42.17      1.04
            a_raw[159]     -1.18      0.24     -1.19     -1.58     -0.81     41.95      1.04
            a_raw[160]     -1.20      0.24     -1.21     -1.57     -0.79     40.31      1.05
            a_raw[161]     -1.18      0.24     -1.19     -1.59     -0.82     42.69      1.04
            a_raw[162]     -1.13      0.24     -1.14     -1.56     -0.76     43.80      1.04
            a_raw[163]     -1.14      0.24     -1.16     -1.48     -0.70     41.87      1.04
            a_raw[164]     -1.13      0.24     -1.14     -1.53     -0.75     42.37      1.04
            a_raw[165]     -1.10      0.24     -1.11     -1.49     -0.73     42.50      1.04
            a_raw[166]     -1.09      0.24     -1.09     -1.47     -0.71     39.19      1.04
            a_raw[167]     -1.11      0.24     -1.12     -1.46     -0.71     36.95      1.04
            a_raw[168]     -1.08      0.23     -1.09     -1.48     -0.72     37.88      1.04
            a_raw[169]     -1.02      0.24     -1.04     -1.43     -0.66     39.83      1.05
            a_raw[170]     -1.01      0.24     -1.02     -1.42     -0.67     39.20      1.05
            a_raw[171]     -1.01      0.24     -1.02     -1.38     -0.62     39.61      1.05
            a_raw[172]     -0.98      0.24     -0.99     -1.37     -0.61     39.62      1.04
            a_raw[173]     -0.94      0.24     -0.96     -1.31     -0.55     39.48      1.05
            a_raw[174]     -0.95      0.23     -0.97     -1.37     -0.60     38.57      1.04
            a_raw[175]     -0.95      0.24     -0.98     -1.33     -0.55     39.23      1.04
            a_raw[176]     -0.94      0.23     -0.96     -1.29     -0.53     39.58      1.04
            a_raw[177]     -0.97      0.23     -1.00     -1.33     -0.57     35.97      1.04
            a_raw[178]     -0.99      0.24     -1.02     -1.38     -0.62     37.86      1.04
            a_raw[179]     -0.95      0.24     -0.96     -1.31     -0.55     38.86      1.04
            a_raw[180]     -0.92      0.24     -0.95     -1.31     -0.56     38.22      1.05
            a_raw[181]     -0.94      0.23     -0.96     -1.29     -0.55     35.40      1.05
            a_raw[182]     -0.92      0.23     -0.93     -1.28     -0.54     37.00      1.05
            a_raw[183]     -0.89      0.24     -0.91     -1.24     -0.49     40.04      1.05
            a_raw[184]     -0.91      0.23     -0.93     -1.32     -0.57     38.91      1.04
            a_raw[185]     -0.92      0.23     -0.94     -1.30     -0.56     38.96      1.04
            a_raw[186]     -0.91      0.23     -0.94     -1.27     -0.53     37.72      1.04
            a_raw[187]     -0.90      0.24     -0.93     -1.27     -0.50     37.48      1.04
            a_raw[188]     -0.92      0.23     -0.95     -1.28     -0.54     35.08      1.05
            a_raw[189]     -0.94      0.23     -0.97     -1.31     -0.57     35.52      1.05
            a_raw[190]     -0.95      0.25     -0.97     -1.36     -0.55     40.27      1.04
            a_raw[191]     -0.95      0.27     -0.97     -1.41     -0.55     46.87      1.03
             a_raw2[0]      0.08      0.04      0.07      0.02      0.14     60.00      1.00
             a_raw2[1]      0.10      0.07      0.10     -0.01      0.22    210.04      1.00
             a_raw2[2]      0.09      0.05      0.09      0.02      0.17     82.47      1.00
             a_raw2[3]      0.01      0.04      0.01     -0.05      0.06     58.64      1.01
             a_raw2[4]     -0.03      0.04     -0.03     -0.09      0.03     58.04      1.02
             a_raw2[5]      0.14      0.05      0.14      0.06      0.23     96.05      1.00
             a_raw2[6]      0.06      0.05      0.06     -0.01      0.14     71.10      1.00
             a_raw2[7]      0.04      0.06      0.04     -0.06      0.15    228.24      1.00
             a_raw2[8]      0.08      0.04      0.08      0.01      0.14     60.13      1.00
             a_raw2[9]      0.08      0.11      0.08     -0.08      0.28    433.03      1.00
                   cfr      0.01      0.00      0.01      0.01      0.01     39.59      1.06
  confirmed_dispersion      1.63      0.08      1.62      1.51      1.76    840.93      1.00
      death_dispersion      0.75      0.07      0.75      0.63      0.86    772.39      1.00
           det_prob[0]      0.25      0.06      0.25      0.15      0.35    107.78      1.00
           det_prob[1]      0.25      0.06      0.24      0.14      0.34    103.61      1.00
           det_prob[2]      0.24      0.06      0.24      0.13      0.34     96.73      1.00
           det_prob[3]      0.24      0.06      0.24      0.13      0.34     82.79      1.00
           det_prob[4]      0.24      0.07      0.23      0.13      0.34     80.08      1.00
           det_prob[5]      0.24      0.07      0.23      0.12      0.34     70.70      1.00
           det_prob[6]      0.24      0.07      0.23      0.12      0.34     66.08      1.00
           det_prob[7]      0.24      0.07      0.23      0.12      0.34     65.43      1.00
           det_prob[8]      0.24      0.07      0.23      0.11      0.34     61.84      1.00
           det_prob[9]      0.24      0.07      0.23      0.10      0.34     59.91      1.00
          det_prob[10]      0.24      0.07      0.23      0.12      0.36     61.28      1.00
          det_prob[11]      0.24      0.07      0.23      0.11      0.35     60.47      1.00
          det_prob[12]      0.24      0.07      0.23      0.12      0.35     56.22      1.00
          det_prob[13]      0.24      0.08      0.23      0.11      0.35     54.66      1.00
          det_prob[14]      0.24      0.08      0.23      0.10      0.34     52.59      1.00
          det_prob[15]      0.24      0.08      0.23      0.12      0.36     52.99      1.00
          det_prob[16]      0.24      0.08      0.23      0.11      0.35     49.51      1.00
          det_prob[17]      0.24      0.08      0.23      0.12      0.36     49.97      1.00
          det_prob[18]      0.24      0.08      0.23      0.11      0.36     48.61      1.00
          det_prob[19]      0.24      0.08      0.23      0.11      0.36     49.32      1.00
          det_prob[20]      0.24      0.08      0.23      0.12      0.37     49.60      1.00
          det_prob[21]      0.24      0.08      0.23      0.10      0.36     48.59      1.00
          det_prob[22]      0.24      0.08      0.23      0.10      0.35     49.83      1.00
          det_prob[23]      0.24      0.08      0.22      0.09      0.35     48.11      1.00
          det_prob[24]      0.24      0.08      0.23      0.11      0.37     47.08      1.00
          det_prob[25]      0.23      0.08      0.22      0.09      0.35     49.44      1.01
          det_prob[26]      0.23      0.08      0.22      0.10      0.35     50.08      1.01
          det_prob[27]      0.23      0.08      0.22      0.10      0.35     49.81      1.01
          det_prob[28]      0.23      0.08      0.22      0.10      0.36     49.14      1.00
          det_prob[29]      0.23      0.08      0.22      0.09      0.35     47.22      1.01
          det_prob[30]      0.23      0.08      0.22      0.09      0.35     48.55      1.01
          det_prob[31]      0.23      0.08      0.22      0.09      0.34     48.86      1.01
          det_prob[32]      0.22      0.08      0.22      0.10      0.35     49.23      1.01
          det_prob[33]      0.22      0.08      0.21      0.09      0.35     49.35      1.01
          det_prob[34]      0.22      0.08      0.21      0.10      0.36     48.19      1.01
          det_prob[35]      0.22      0.08      0.21      0.09      0.35     48.84      1.01
          det_prob[36]      0.22      0.08      0.21      0.08      0.34     49.20      1.01
          det_prob[37]      0.22      0.08      0.21      0.10      0.36     50.62      1.01
          det_prob[38]      0.22      0.08      0.21      0.10      0.36     49.96      1.01
          det_prob[39]      0.22      0.08      0.21      0.10      0.36     50.24      1.01
          det_prob[40]      0.22      0.08      0.21      0.09      0.35     50.83      1.01
          det_prob[41]      0.23      0.08      0.21      0.10      0.35     49.78      1.01
          det_prob[42]      0.23      0.08      0.22      0.11      0.37     50.67      1.01
          det_prob[43]      0.23      0.08      0.22      0.11      0.37     50.93      1.01
          det_prob[44]      0.23      0.09      0.22      0.11      0.37     52.41      1.01
          det_prob[45]      0.24      0.09      0.22      0.11      0.37     53.40      1.01
          det_prob[46]      0.24      0.09      0.22      0.10      0.37     54.17      1.01
          det_prob[47]      0.24      0.09      0.23      0.10      0.38     53.16      1.01
          det_prob[48]      0.24      0.09      0.23      0.10      0.38     53.06      1.01
          det_prob[49]      0.25      0.09      0.23      0.11      0.40     51.84      1.01
          det_prob[50]      0.25      0.09      0.24      0.10      0.39     53.60      1.01
          det_prob[51]      0.26      0.09      0.24      0.10      0.39     54.99      1.02
          det_prob[52]      0.26      0.10      0.25      0.11      0.40     52.81      1.02
          det_prob[53]      0.27      0.10      0.25      0.12      0.42     52.56      1.02
          det_prob[54]      0.27      0.10      0.25      0.12      0.42     52.93      1.02
          det_prob[55]      0.27      0.10      0.25      0.12      0.43     54.54      1.02
          det_prob[56]      0.28      0.10      0.26      0.11      0.43     55.69      1.02
          det_prob[57]      0.28      0.10      0.26      0.12      0.43     57.41      1.03
          det_prob[58]      0.29      0.11      0.27      0.14      0.46     55.88      1.03
          det_prob[59]      0.29      0.11      0.27      0.12      0.46     58.29      1.03
          det_prob[60]      0.30      0.11      0.28      0.13      0.46     57.30      1.03
          det_prob[61]      0.31      0.11      0.29      0.14      0.48     57.71      1.03
          det_prob[62]      0.31      0.11      0.29      0.14      0.49     57.18      1.03
          det_prob[63]      0.32      0.11      0.30      0.14      0.50     54.85      1.04
          det_prob[64]      0.33      0.12      0.31      0.15      0.51     54.11      1.04
          det_prob[65]      0.34      0.12      0.31      0.14      0.51     53.39      1.04
          det_prob[66]      0.34      0.12      0.32      0.16      0.52     52.99      1.04
          det_prob[67]      0.35      0.12      0.33      0.15      0.52     52.65      1.04
          det_prob[68]      0.36      0.12      0.34      0.16      0.54     50.37      1.04
          det_prob[69]      0.36      0.12      0.35      0.16      0.54     50.30      1.04
          det_prob[70]      0.37      0.12      0.36      0.17      0.56     49.84      1.05
          det_prob[71]      0.38      0.13      0.37      0.17      0.56     49.46      1.05
          det_prob[72]      0.39      0.12      0.38      0.20      0.59     49.32      1.05
          det_prob[73]      0.40      0.13      0.39      0.20      0.59     50.35      1.05
          det_prob[74]      0.41      0.13      0.39      0.20      0.60     50.68      1.04
          det_prob[75]      0.41      0.13      0.40      0.21      0.62     49.31      1.05
          det_prob[76]      0.42      0.13      0.41      0.22      0.63     49.60      1.05
          det_prob[77]      0.43      0.13      0.41      0.23      0.64     47.78      1.05
          det_prob[78]      0.43      0.13      0.42      0.22      0.64     48.72      1.05
          det_prob[79]      0.44      0.13      0.43      0.24      0.65     50.18      1.05
          det_prob[80]      0.45      0.13      0.45      0.25      0.66     49.92      1.05
          det_prob[81]      0.46      0.13      0.45      0.23      0.65     49.01      1.06
          det_prob[82]      0.46      0.13      0.46      0.25      0.67     49.44      1.06
          det_prob[83]      0.47      0.13      0.46      0.26      0.68     49.02      1.05
          det_prob[84]      0.47      0.13      0.47      0.26      0.69     48.85      1.06
          det_prob[85]      0.48      0.13      0.48      0.26      0.69     50.87      1.05
          det_prob[86]      0.49      0.13      0.48      0.27      0.70     51.24      1.06
          det_prob[87]      0.50      0.13      0.49      0.28      0.70     50.39      1.06
          det_prob[88]      0.50      0.13      0.49      0.28      0.71     50.19      1.06
          det_prob[89]      0.51      0.13      0.50      0.27      0.70     49.35      1.07
          det_prob[90]      0.51      0.13      0.51      0.30      0.73     48.29      1.07
          det_prob[91]      0.52      0.13      0.52      0.28      0.71     48.99      1.07
          det_prob[92]      0.53      0.13      0.53      0.33      0.76     49.33      1.06
          det_prob[93]      0.54      0.13      0.53      0.31      0.74     49.17      1.07
          det_prob[94]      0.54      0.13      0.54      0.31      0.73     48.82      1.07
          det_prob[95]      0.54      0.13      0.54      0.32      0.75     49.01      1.07
          det_prob[96]      0.55      0.13      0.55      0.33      0.76     51.75      1.07
          det_prob[97]      0.55      0.13      0.55      0.32      0.76     50.84      1.07
          det_prob[98]      0.56      0.13      0.56      0.33      0.77     51.28      1.07
          det_prob[99]      0.56      0.13      0.56      0.33      0.76     53.40      1.07
         det_prob[100]      0.57      0.13      0.56      0.33      0.77     51.85      1.08
         det_prob[101]      0.57      0.13      0.57      0.33      0.77     50.90      1.08
         det_prob[102]      0.57      0.13      0.57      0.35      0.79     51.73      1.08
         det_prob[103]      0.58      0.13      0.58      0.35      0.79     52.26      1.08
         det_prob[104]      0.58      0.13      0.59      0.37      0.81     53.30      1.08
         det_prob[105]      0.59      0.13      0.59      0.37      0.81     52.28      1.08
         det_prob[106]      0.59      0.13      0.59      0.38      0.82     51.27      1.09
         det_prob[107]      0.60      0.13      0.60      0.39      0.83     52.65      1.08
         det_prob[108]      0.60      0.14      0.60      0.38      0.82     55.04      1.08
         det_prob[109]      0.60      0.14      0.60      0.37      0.81     54.70      1.08
         det_prob[110]      0.60      0.14      0.61      0.39      0.83     53.84      1.08
         det_prob[111]      0.60      0.14      0.61      0.39      0.83     53.27      1.09
         det_prob[112]      0.61      0.14      0.61      0.40      0.83     52.69      1.08
         det_prob[113]      0.61      0.14      0.62      0.40      0.84     52.14      1.08
         det_prob[114]      0.62      0.14      0.63      0.39      0.84     51.59      1.09
         det_prob[115]      0.62      0.14      0.63      0.40      0.85     50.68      1.09
         det_prob[116]      0.62      0.14      0.63      0.39      0.84     51.94      1.10
         det_prob[117]      0.62      0.14      0.63      0.39      0.84     50.53      1.10
         det_prob[118]      0.62      0.14      0.63      0.37      0.84     51.75      1.10
         det_prob[119]      0.62      0.14      0.64      0.38      0.85     52.75      1.10
         det_prob[120]      0.62      0.15      0.63      0.37      0.84     51.48      1.11
         det_prob[121]      0.62      0.15      0.63      0.38      0.85     49.75      1.11
         det_prob[122]      0.62      0.15      0.64      0.36      0.84     48.71      1.12
         det_prob[123]      0.63      0.15      0.64      0.38      0.86     48.25      1.12
         det_prob[124]      0.63      0.15      0.65      0.38      0.85     47.34      1.12
         det_prob[125]      0.63      0.15      0.64      0.42      0.89     45.36      1.13
         det_prob[126]      0.64      0.15      0.65      0.38      0.86     45.64      1.13
         det_prob[127]      0.64      0.15      0.65      0.42      0.90     40.32      1.13
         det_prob[128]      0.64      0.15      0.65      0.40      0.88     38.20      1.13
         det_prob[129]      0.64      0.15      0.65      0.39      0.86     35.93      1.14
         det_prob[130]      0.65      0.15      0.66      0.40      0.87     35.78      1.14
         det_prob[131]      0.65      0.14      0.66      0.41      0.87     39.70      1.13
         det_prob[132]      0.65      0.14      0.67      0.41      0.87     37.76      1.13
         det_prob[133]      0.66      0.14      0.67      0.40      0.87     41.04      1.13
         det_prob[134]      0.66      0.14      0.67      0.42      0.88     38.96      1.14
         det_prob[135]      0.66      0.14      0.68      0.45      0.90     34.80      1.14
         det_prob[136]      0.67      0.14      0.68      0.46      0.91     36.20      1.14
         det_prob[137]      0.67      0.14      0.69      0.45      0.90     35.16      1.14
         det_prob[138]      0.67      0.14      0.69      0.48      0.93     34.86      1.14
         det_prob[139]      0.68      0.14      0.69      0.49      0.93     33.38      1.15
         det_prob[140]      0.68      0.14      0.70      0.46      0.89     35.79      1.14
         det_prob[141]      0.69      0.13      0.70      0.46      0.88     38.69      1.14
         det_prob[142]      0.69      0.13      0.70      0.46      0.88     44.84      1.14
         det_prob[143]      0.69      0.13      0.71      0.47      0.89     44.50      1.14
         det_prob[144]      0.70      0.13      0.71      0.51      0.92     44.86      1.14
         det_prob[145]      0.70      0.13      0.71      0.51      0.92     42.51      1.14
         det_prob[146]      0.70      0.13      0.72      0.52      0.92     42.75      1.14
         det_prob[147]      0.71      0.13      0.72      0.52      0.92     44.15      1.13
         det_prob[148]      0.71      0.13      0.72      0.53      0.93     45.02      1.13
         det_prob[149]      0.71      0.13      0.73      0.53      0.92     44.79      1.13
         det_prob[150]      0.71      0.13      0.73      0.53      0.92     45.75      1.12
         det_prob[151]      0.72      0.13      0.73      0.52      0.92     44.64      1.12
         det_prob[152]      0.72      0.13      0.73      0.53      0.92     44.12      1.12
         det_prob[153]      0.72      0.12      0.74      0.53      0.92     42.97      1.12
         det_prob[154]      0.72      0.12      0.73      0.55      0.94     42.20      1.12
         det_prob[155]      0.72      0.12      0.74      0.55      0.93     41.94      1.12
         det_prob[156]      0.73      0.12      0.74      0.55      0.93     40.49      1.12
         det_prob[157]      0.73      0.12      0.75      0.55      0.93     40.87      1.12
         det_prob[158]      0.73      0.12      0.75      0.55      0.93     37.44      1.12
         det_prob[159]      0.73      0.12      0.75      0.57      0.95     41.53      1.11
         det_prob[160]      0.74      0.12      0.75      0.57      0.95     40.47      1.11
         det_prob[161]      0.74      0.12      0.75      0.55      0.92     39.65      1.11
         det_prob[162]      0.74      0.12      0.76      0.58      0.95     33.53      1.11
         det_prob[163]      0.75      0.12      0.76      0.57      0.94     31.34      1.11
         det_prob[164]      0.75      0.12      0.76      0.59      0.96     28.54      1.11
         det_prob[165]      0.75      0.12      0.77      0.56      0.93     28.24      1.11
         det_prob[166]      0.75      0.12      0.77      0.58      0.95     28.68      1.11
         det_prob[167]      0.75      0.12      0.77      0.58      0.96     28.39      1.11
         det_prob[168]      0.75      0.12      0.76      0.59      0.96     27.09      1.11
         det_prob[169]      0.75      0.12      0.77      0.58      0.95     27.23      1.10
         det_prob[170]      0.75      0.12      0.77      0.58      0.95     28.67      1.10
         det_prob[171]      0.76      0.12      0.77      0.60      0.97     28.14      1.10
         det_prob[172]      0.76      0.12      0.77      0.57      0.94     26.98      1.09
         det_prob[173]      0.76      0.12      0.77      0.58      0.95     27.92      1.09
         det_prob[174]      0.76      0.12      0.77      0.59      0.96     26.78      1.09
         det_prob[175]      0.76      0.12      0.77      0.58      0.94     26.04      1.09
         det_prob[176]      0.76      0.12      0.77      0.59      0.96     25.06      1.10
         det_prob[177]      0.76      0.12      0.78      0.60      0.96     26.57      1.09
         det_prob[178]      0.76      0.12      0.78      0.60      0.96     25.98      1.10
         det_prob[179]      0.76      0.12      0.77      0.59      0.96     25.66      1.09
         det_prob[180]      0.76      0.12      0.78      0.59      0.96     27.30      1.09
         det_prob[181]      0.76      0.12      0.78      0.59      0.96     28.06      1.09
         det_prob[182]      0.76      0.12      0.78      0.59      0.97     28.67      1.09
         det_prob[183]      0.76      0.12      0.78      0.60      0.97     29.30      1.09
         det_prob[184]      0.76      0.12      0.78      0.58      0.96     30.31      1.09
         det_prob[185]      0.76      0.12      0.78      0.59      0.96     27.51      1.09
         det_prob[186]      0.76      0.12      0.78      0.59      0.96     26.10      1.09
         det_prob[187]      0.76      0.12      0.78      0.61      0.97     25.71      1.09
         det_prob[188]      0.76      0.12      0.78      0.59      0.96     25.42      1.09
         det_prob[189]      0.76      0.12      0.78      0.59      0.97     24.77      1.09
         det_prob[190]      0.76      0.12      0.77      0.58      0.97     25.38      1.09
         det_prob[191]      0.76      0.12      0.78      0.59      0.97     26.11      1.09
         det_prob[192]      0.76      0.12      0.78      0.59      0.97     27.63      1.09
         det_prob[193]      0.76      0.12      0.78      0.58      0.97     28.20      1.08
         det_prob[194]      0.76      0.12      0.78      0.58      0.96     28.36      1.08
         det_prob[195]      0.76      0.12      0.77      0.59      0.97     27.98      1.08
         det_prob[196]      0.76      0.12      0.77      0.59      0.97     27.88      1.08
         det_prob[197]      0.75      0.12      0.77      0.59      0.98     28.21      1.08
         det_prob[198]      0.75      0.13      0.77      0.58      0.97     28.89      1.08
         det_prob[199]      0.75      0.13      0.77      0.58      0.97     28.88      1.08
         det_prob[200]      0.75      0.13      0.77      0.58      0.97     27.95      1.08
         det_prob[201]      0.75      0.13      0.77      0.58      0.97     28.68      1.08
         det_prob[202]      0.75      0.13      0.76      0.58      0.97     28.06      1.08
         det_prob[203]      0.75      0.13      0.76      0.57      0.97     27.84      1.08
         det_prob[204]      0.75      0.13      0.77      0.58      0.98     27.81      1.09
         det_prob[205]      0.75      0.13      0.76      0.57      0.98     28.90      1.09
         det_prob[206]      0.75      0.13      0.76      0.57      0.97     28.62      1.09
         det_prob[207]      0.75      0.13      0.76      0.57      0.97     28.07      1.09
         det_prob[208]      0.75      0.13      0.76      0.57      0.98     28.15      1.09
         det_prob[209]      0.75      0.13      0.76      0.55      0.96     27.48      1.09
         det_prob[210]      0.74      0.13      0.76      0.55      0.97     26.63      1.09
         det_prob[211]      0.74      0.13      0.76      0.56      0.97     27.54      1.09
         det_prob[212]      0.74      0.14      0.76      0.55      0.97     28.22      1.09
         det_prob[213]      0.74      0.14      0.76      0.55      0.98     27.89      1.09
         det_prob[214]      0.74      0.14      0.76      0.56      0.98     28.15      1.10
         det_prob[215]      0.74      0.14      0.76      0.55      0.97     27.95      1.09
         det_prob[216]      0.74      0.14      0.76      0.54      0.97     27.83      1.09
         det_prob[217]      0.74      0.14      0.76      0.54      0.98     26.98      1.09
         det_prob[218]      0.73      0.14      0.76      0.54      0.98     26.99      1.09
         det_prob[219]      0.73      0.14      0.76      0.54      0.98     26.92      1.09
         det_prob[220]      0.73      0.14      0.76      0.54      0.98     27.17      1.09
         det_prob[221]      0.73      0.14      0.75      0.54      0.98     27.87      1.09
         det_prob[222]      0.73      0.15      0.75      0.54      0.98     27.49      1.09
         det_prob[223]      0.73      0.15      0.75      0.53      0.98     27.53      1.09
         det_prob[224]      0.73      0.15      0.75      0.52      0.97     27.03      1.09
         det_prob[225]      0.73      0.15      0.75      0.52      0.98     27.64      1.09
         det_prob[226]      0.72      0.15      0.75      0.50      0.97     27.47      1.09
         det_prob[227]      0.72      0.15      0.74      0.50      0.98     26.61      1.09
         det_prob[228]      0.72      0.15      0.75      0.50      0.98     27.04      1.09
         det_prob[229]      0.72      0.15      0.74      0.50      0.98     27.66      1.09
         det_prob[230]      0.72      0.15      0.74      0.49      0.98     27.75      1.08
         det_prob[231]      0.72      0.15      0.74      0.50      0.98     28.35      1.08
         det_prob[232]      0.72      0.15      0.74      0.50      0.98     28.52      1.08
         det_prob[233]      0.72      0.15      0.74      0.51      0.98     29.03      1.08
         det_prob[234]      0.72      0.15      0.74      0.50      0.98     29.65      1.08
         det_prob[235]      0.72      0.15      0.74      0.51      0.98     29.61      1.08
         det_prob[236]      0.72      0.15      0.74      0.50      0.98     30.36      1.07
         det_prob[237]      0.72      0.15      0.74      0.48      0.97     30.79      1.07
         det_prob[238]      0.71      0.15      0.73      0.50      0.98     30.58      1.07
         det_prob[239]      0.71      0.16      0.73      0.49      0.98     30.26      1.07
         det_prob[240]      0.71      0.16      0.73      0.47      0.97     29.66      1.07
         det_prob[241]      0.71      0.16      0.73      0.49      0.98     30.13      1.07
         det_prob[242]      0.71      0.16      0.73      0.48      0.98     29.77      1.07
         det_prob[243]      0.71      0.16      0.73      0.48      0.98     29.94      1.07
         det_prob[244]      0.71      0.16      0.73      0.47      0.97     29.88      1.07
         det_prob[245]      0.71      0.16      0.73      0.47      0.98     29.60      1.07
         det_prob[246]      0.71      0.16      0.73      0.47      0.98     29.61      1.06
         det_prob[247]      0.71      0.16      0.73      0.47      0.98     29.42      1.06
         det_prob[248]      0.71      0.16      0.73      0.47      0.98     29.81      1.06
         det_prob[249]      0.71      0.16      0.73      0.44      0.96     29.87      1.06
         det_prob[250]      0.71      0.16      0.73      0.47      0.99     30.21      1.06
         det_prob[251]      0.71      0.16      0.73      0.46      0.98     29.70      1.06
         det_prob[252]      0.70      0.16      0.73      0.46      0.97     30.34      1.06
         det_prob[253]      0.70      0.16      0.73      0.46      0.97     29.98      1.06
         det_prob[254]      0.70      0.17      0.72      0.47      0.99     29.96      1.06
         det_prob[255]      0.70      0.17      0.73      0.46      0.97     29.94      1.06
         det_prob[256]      0.70      0.17      0.72      0.45      0.97     31.09      1.05
         det_prob[257]      0.70      0.17      0.72      0.45      0.98     30.83      1.05
         det_prob[258]      0.70      0.17      0.72      0.45      0.97     30.42      1.06
         det_prob[259]      0.70      0.17      0.72      0.45      0.97     30.67      1.06
         det_prob[260]      0.70      0.17      0.72      0.45      0.98     31.19      1.06
         det_prob[261]      0.69      0.17      0.72      0.45      0.97     30.64      1.06
         det_prob[262]      0.69      0.17      0.72      0.46      0.98     30.91      1.06
         det_prob[263]      0.69      0.17      0.72      0.44      0.97     29.99      1.06
         det_prob[264]      0.69      0.17      0.71      0.42      0.97     30.54      1.06
         det_prob[265]      0.69      0.17      0.71      0.42      0.96     30.76      1.06
         det_prob[266]      0.69      0.18      0.71      0.42      0.98     31.01      1.06
         det_prob[267]      0.69      0.18      0.71      0.43      0.98     30.90      1.06
         det_prob[268]      0.69      0.18      0.72      0.40      0.96     30.42      1.06
         det_prob[269]      0.69      0.18      0.71      0.42      0.97     30.14      1.06
         det_prob[270]      0.69      0.18      0.72      0.41      0.97     29.97      1.06
         det_prob[271]      0.69      0.18      0.71      0.41      0.97     29.85      1.06
         det_prob[272]      0.69      0.18      0.71      0.41      0.97     29.91      1.06
         det_prob[273]      0.69      0.18      0.71      0.42      0.97     30.69      1.06
         det_prob[274]      0.69      0.18      0.71      0.42      0.98     30.14      1.07
         det_prob[275]      0.69      0.18      0.71      0.41      0.97     29.73      1.07
         det_prob[276]      0.69      0.18      0.71      0.42      0.97     29.11      1.07
         det_prob[277]      0.69      0.18      0.71      0.42      0.97     29.14      1.07
         det_prob[278]      0.69      0.18      0.71      0.42      0.97     28.58      1.07
         det_prob[279]      0.69      0.18      0.71      0.42      0.97     28.80      1.07
         det_prob[280]      0.69      0.18      0.71      0.41      0.96     28.99      1.07
         det_prob[281]      0.69      0.18      0.72      0.41      0.97     29.56      1.07
         det_prob[282]      0.69      0.18      0.72      0.43      0.98     30.09      1.08
         det_prob[283]      0.69      0.18      0.71      0.42      0.97     30.15      1.07
         det_prob[284]      0.69      0.18      0.71      0.43      0.98     29.27      1.08
         det_prob[285]      0.69      0.18      0.71      0.41      0.97     29.24      1.08
         det_prob[286]      0.69      0.18      0.71      0.42      0.97     29.61      1.08
         det_prob[287]      0.69      0.18      0.72      0.43      0.97     28.93      1.08
         det_prob[288]      0.70      0.18      0.72      0.44      0.98     29.52      1.08
         det_prob[289]      0.70      0.18      0.72      0.42      0.96     29.28      1.08
         det_prob[290]      0.70      0.18      0.72      0.43      0.97     30.06      1.08
         det_prob[291]      0.70      0.18      0.72      0.45      0.98     29.96      1.08
         det_prob[292]      0.70      0.18      0.72      0.44      0.98     28.54      1.08
         det_prob[293]      0.70      0.18      0.72      0.44      0.96     27.59      1.08
         det_prob[294]      0.70      0.18      0.73      0.44      0.97     28.02      1.08
         det_prob[295]      0.70      0.18      0.72      0.43      0.97     27.04      1.09
         det_prob[296]      0.70      0.17      0.73      0.44      0.97     27.12      1.08
         det_prob[297]      0.71      0.17      0.73      0.44      0.97     27.65      1.08
         det_prob[298]      0.71      0.17      0.73      0.44      0.97     28.33      1.08
         det_prob[299]      0.71      0.17      0.73      0.42      0.95     29.49      1.08
         det_prob[300]      0.71      0.17      0.73      0.44      0.97     29.13      1.08
         det_prob[301]      0.71      0.17      0.73      0.45      0.97     28.76      1.08
         det_prob[302]      0.71      0.17      0.73      0.45      0.97     27.92      1.08
         det_prob[303]      0.72      0.17      0.73      0.46      0.96     28.25      1.08
         det_prob[304]      0.72      0.17      0.74      0.48      0.98     27.60      1.08
         det_prob[305]      0.72      0.17      0.74      0.46      0.96     28.14      1.09
         det_prob[306]      0.72      0.17      0.74      0.44      0.95     28.73      1.09
         det_prob[307]      0.72      0.17      0.74      0.48      0.98     28.52      1.09
         det_prob[308]      0.72      0.17      0.74      0.47      0.98     27.83      1.09
         det_prob[309]      0.72      0.17      0.74      0.45      0.96     28.45      1.09
         det_prob[310]      0.72      0.17      0.74      0.47      0.99     29.37      1.09
         det_prob[311]      0.72      0.17      0.74      0.47      0.99     29.31      1.09
         det_prob[312]      0.72      0.17      0.75      0.45      0.96     31.91      1.09
         det_prob[313]      0.72      0.17      0.74      0.45      0.96     33.68      1.08
         det_prob[314]      0.72      0.17      0.74      0.45      0.96     33.53      1.08
         det_prob[315]      0.72      0.17      0.74      0.46      0.97     33.42      1.08
         det_prob[316]      0.72      0.17      0.74      0.46      0.97     33.10      1.08
         det_prob[317]      0.72      0.17      0.75      0.48      0.99     32.94      1.08
         det_prob[318]      0.72      0.17      0.75      0.48      0.99     32.81      1.08
         det_prob[319]      0.72      0.17      0.75      0.46      0.97     34.97      1.08
         det_prob[320]      0.72      0.17      0.75      0.47      0.98     34.47      1.08
         det_prob[321]      0.72      0.17      0.75      0.46      0.97     35.11      1.08
         det_prob[322]      0.72      0.17      0.76      0.48      0.99     36.14      1.08
         det_prob[323]      0.72      0.17      0.75      0.48      0.99     37.50      1.08
         det_prob[324]      0.72      0.17      0.75      0.48      0.99     39.52      1.07
         det_prob[325]      0.72      0.17      0.75      0.48      0.99     40.37      1.07
         det_prob[326]      0.73      0.17      0.75      0.48      0.99     39.83      1.07
         det_prob[327]      0.73      0.17      0.75      0.47      0.98     40.77      1.07
         det_prob[328]      0.73      0.17      0.75      0.48      0.99     39.51      1.08
         det_prob[329]      0.73      0.17      0.75      0.48      0.99     39.41      1.07
         det_prob[330]      0.73      0.17      0.75      0.48      0.99     39.11      1.07
         det_prob[331]      0.73      0.17      0.75      0.48      0.99     39.08      1.07
         det_prob[332]      0.73      0.17      0.75      0.49      0.99     39.86      1.07
         det_prob[333]      0.73      0.17      0.75      0.49      0.99     41.47      1.07
         det_prob[334]      0.73      0.17      0.75      0.50      1.00     41.96      1.07
         det_prob[335]      0.73      0.17      0.76      0.50      0.99     43.03      1.07
         det_prob[336]      0.73      0.17      0.76      0.48      0.98     44.39      1.07
         det_prob[337]      0.73      0.17      0.76      0.49      0.99     44.17      1.06
         det_prob[338]      0.73      0.17      0.76      0.49      0.99     45.20      1.06
         det_prob[339]      0.73      0.17      0.76      0.49      1.00     44.65      1.06
         det_prob[340]      0.73      0.17      0.76      0.48      1.00     45.16      1.07
         det_prob[341]      0.73      0.17      0.76      0.47      0.99     45.36      1.06
         det_prob[342]      0.73      0.17      0.76      0.47      0.99     45.85      1.06
         det_prob[343]      0.73      0.17      0.76      0.49      1.00     45.55      1.06
         det_prob[344]      0.73      0.17      0.76      0.48      0.99     45.20      1.06
         det_prob[345]      0.73      0.17      0.76      0.48      1.00     46.37      1.06
         det_prob[346]      0.73      0.17      0.76      0.48      1.00     47.43      1.06
         det_prob[347]      0.73      0.17      0.77      0.47      1.00     46.61      1.06
         det_prob[348]      0.73      0.17      0.76      0.48      1.00     48.09      1.06
         det_prob[349]      0.73      0.17      0.76      0.48      1.00     49.44      1.06
         det_prob[350]      0.73      0.17      0.77      0.49      1.00     48.65      1.06
         det_prob[351]      0.74      0.17      0.77      0.49      1.00     49.04      1.06
         det_prob[352]      0.74      0.17      0.77      0.49      1.00     47.34      1.06
         det_prob[353]      0.74      0.17      0.77      0.49      1.00     46.05      1.06
         det_prob[354]      0.74      0.17      0.77      0.49      1.00     46.88      1.06
         det_prob[355]      0.74      0.17      0.76      0.49      1.00     47.14      1.06
         det_prob[356]      0.74      0.17      0.77      0.49      1.00     47.37      1.06
         det_prob[357]      0.74      0.17      0.77      0.50      0.99     46.13      1.06
         det_prob[358]      0.74      0.17      0.77      0.49      1.00     46.86      1.06
         det_prob[359]      0.74      0.17      0.77      0.50      1.00     47.94      1.06
         det_prob[360]      0.74      0.17      0.77      0.49      0.99     47.88      1.06
         det_prob[361]      0.74      0.17      0.78      0.49      1.00     47.92      1.06
         det_prob[362]      0.74      0.17      0.77      0.50      0.99     47.27      1.06
         det_prob[363]      0.74      0.17      0.77      0.50      0.99     47.22      1.06
         det_prob[364]      0.74      0.17      0.77      0.50      0.99     47.59      1.06
         det_prob[365]      0.75      0.17      0.77      0.50      1.00     47.91      1.06
         det_prob[366]      0.75      0.17      0.78      0.50      1.00     47.84      1.06
         det_prob[367]      0.75      0.17      0.78      0.50      1.00     48.65      1.06
         det_prob[368]      0.75      0.17      0.78      0.50      1.00     48.98      1.06
         det_prob[369]      0.75      0.17      0.78      0.50      0.99     49.49      1.05
         det_prob[370]      0.75      0.17      0.78      0.50      1.00     49.67      1.05
         det_prob[371]      0.75      0.17      0.78      0.51      1.00     50.15      1.05
         det_prob[372]      0.75      0.17      0.78      0.51      1.00     49.95      1.05
         det_prob[373]      0.75      0.17      0.78      0.50      0.99     51.73      1.05
         det_prob[374]      0.75      0.17      0.78      0.50      1.00     53.40      1.05
         det_prob[375]      0.75      0.17      0.78      0.51      0.99     53.56      1.05
         det_prob[376]      0.75      0.17      0.78      0.50      1.00     55.02      1.05
         det_prob[377]      0.75      0.17      0.78      0.50      0.99     54.74      1.05
         det_prob[378]      0.75      0.17      0.78      0.49      0.99     54.24      1.05
         det_prob[379]      0.75      0.17      0.78      0.49      1.00     55.24      1.05
         det_prob[380]      0.75      0.17      0.78      0.49      1.00     54.22      1.05
         det_prob[381]      0.75      0.17      0.78      0.49      0.99     53.35      1.05
         det_prob[382]      0.75      0.17      0.78      0.49      0.99     52.84      1.05
         det_prob[383]      0.75      0.17      0.79      0.51      1.00     53.24      1.05
         det_prob[384]      0.75      0.17      0.79      0.50      1.00     54.12      1.05
         det_prob[385]      0.75      0.17      0.78      0.51      1.00     54.40      1.05
         det_prob[386]      0.75      0.17      0.78      0.49      1.00     53.73      1.05
         det_prob[387]      0.75      0.17      0.79      0.48      0.99     54.70      1.05
         det_prob[388]      0.75      0.17      0.79      0.50      1.00     54.79      1.04
             det_prob0      0.25      0.06      0.25      0.16      0.34    122.42      1.00
         scale_on_coef     -4.30      0.81     -4.18     -5.45     -3.02    161.62      1.00
        scale_on_coef2     39.75     14.58     36.38     19.99     59.22    282.80      1.00
      time_to_death[0]      0.03      0.04      0.00      0.00      0.10    493.38      1.00
      time_to_death[1]      0.00      0.01      0.00      0.00      0.01    830.56      1.00
      time_to_death[2]      0.00      0.01      0.00      0.00      0.00   1015.14      1.00
      time_to_death[3]      0.00      0.00      0.00      0.00      0.00   1085.72      1.00
      time_to_death[4]      0.00      0.00      0.00      0.00      0.00    832.91      1.00
      time_to_death[5]      0.00      0.00      0.00      0.00      0.00   1115.21      1.00
      time_to_death[6]      0.57      0.17      0.57      0.32      0.85    351.11      1.01
      time_to_death[7]      0.01      0.01      0.00      0.00      0.01    961.91      1.00
      time_to_death[8]      0.00      0.01      0.00      0.00      0.01    997.64      1.00
      time_to_death[9]      0.00      0.01      0.00      0.00      0.01   1002.11      1.00
     time_to_death[10]      0.00      0.00      0.00      0.00      0.00   1082.57      1.00
     time_to_death[11]      0.00      0.01      0.00      0.00      0.01   1123.86      1.00
     time_to_death[12]      0.00      0.00      0.00      0.00      0.00   1121.23      1.00
     time_to_death[13]      0.14      0.17      0.06      0.00      0.40    437.31      1.00
     time_to_death[14]      0.01      0.02      0.00      0.00      0.03   1062.99      1.00
     time_to_death[15]      0.00      0.01      0.00      0.00      0.01    921.72      1.00
     time_to_death[16]      0.00      0.01      0.00      0.00      0.01    842.87      1.00
     time_to_death[17]      0.00      0.00      0.00      0.00      0.00   1067.10      1.00
     time_to_death[18]      0.01      0.01      0.00      0.00      0.02    753.17      1.00
     time_to_death[19]      0.00      0.00      0.00      0.00      0.00   1035.97      1.00
     time_to_death[20]      0.09      0.12      0.01      0.00      0.27    510.95      1.00
     time_to_death[21]      0.01      0.02      0.00      0.00      0.03    930.81      1.00
     time_to_death[22]      0.01      0.02      0.00      0.00      0.03    872.50      1.00
     time_to_death[23]      0.01      0.02      0.00      0.00      0.03    651.92      1.00
     time_to_death[24]      0.00      0.01      0.00      0.00      0.01   1163.86      1.00
     time_to_death[25]      0.00      0.01      0.00      0.00      0.01    747.91      1.00
     time_to_death[26]      0.00      0.00      0.00      0.00      0.00   1118.94      1.00
     time_to_death[27]      0.03      0.05      0.00      0.00      0.11    946.31      1.00
     time_to_death[28]      0.01      0.01      0.00      0.00      0.02    910.53      1.00
     time_to_death[29]      0.01      0.02      0.00      0.00      0.03   1028.49      1.00
     time_to_death[30]      0.01      0.02      0.00      0.00      0.03    958.86      1.00
     time_to_death[31]      0.00      0.00      0.00      0.00      0.00   1104.56      1.00
     time_to_death[32]      0.00      0.01      0.00      0.00      0.01    857.13      1.00
     time_to_death[33]      0.00      0.00      0.00      0.00      0.01   1141.34      1.00
     time_to_death[34]      0.01      0.03      0.00      0.00      0.05    717.45      1.00
     time_to_death[35]      0.00      0.01      0.00      0.00      0.01   1055.41      1.00
     time_to_death[36]      0.01      0.01      0.00      0.00      0.03   1019.63      1.00
     time_to_death[37]      0.01      0.01      0.00      0.00      0.02    823.82      1.00
     time_to_death[38]      0.00      0.01      0.00      0.00      0.01    826.04      1.00
     time_to_death[39]      0.00      0.00      0.00      0.00      0.01   1004.45      1.00

Number of divergences: 0
