1.968774304488249527e+01
2.612093397657209337e+01
3.467794055768279549e+01
4.606707424971349951e+01
6.123528249283042157e+01
8.144937000969265739e+01
1.084051504104395605e+02
1.443742339131753454e+02
1.924015661379193034e+02
2.565714527985343238e+02
3.423660705935773194e+02
4.571489686204508303e+02
6.108176163322066259e+02
8.166847585237861722e+02
1.092669705759105682e+03
1.462909787012654306e+03
1.959941850805976173e+03
2.627657801974294671e+03
3.525312027185981151e+03
4.732959504807160556e+03
6.358841464223451112e+03
6.894010376180081039e+03
7.475198743287144680e+03
8.106442763747265417e+03
8.792139182076018187e+03
9.537078053140437987e+03
1.034647853214404859e+04
1.122602797434970307e+04
1.218192465534025723e+04
1.322092445223203686e+04
1.435039185873396127e+04
1.557835574256338623e+04
1.691357029279957715e+04
1.836558164761309308e+04
1.994480073982827889e+04
2.166258294936457969e+04
2.353131520821301820e+04
2.556451126572726207e+04
2.777691589019570529e+04
3.018461885750292276e+04
3.280517965985064802e+04
3.066981369828727111e+04
2.868137830309707715e+04
2.682923475515173413e+04
2.510355207573503503e+04
2.349524291511701085e+04
2.199590474472058122e+04
2.059776589710061671e+04
1.929363603849876017e+04
1.807686069556140865e+04
1.694127949126637759e+04
1.588118777550708000e+04
1.489130136342290643e+04
1.396672411969608402e+04
1.310291814989388695e+04
1.229567638073185844e+04
1.154109733006069109e+04
1.083556188460794147e+04
1.017571191919540070e+04
9.558430605442465094e+03
8.980824270985845942e+03
8.544674274453902399e+03
8.132628729725493940e+03
7.743232993408293623e+03
7.375126863985474301e+03
7.027038067640453846e+03
6.697776216710325571e+03
6.386227204999448077e+03
6.091348006988291672e+03
5.812161850549965493e+03
5.547753735157045412e+03
5.297266269740430289e+03
5.059895806366826946e+03
4.834888847745725798e+03
4.621538708273802513e+03
4.419182409886501773e+03
4.227197795424615833e+03
4.045000843547211389e+03
3.872043170441700568e+03
3.707809704704564865e+03
3.551816522800933399e+03
3.326998858017165730e+03
3.118392961524609291e+03
2.924729747827444498e+03
2.744845656656231313e+03
2.577673448782756623e+03
2.422233837637887518e+03
2.277627878080720166e+03
2.143030041315666494e+03
2.017681911835194569e+03
1.900886448459284338e+03
1.792002757118740874e+03
1.690441328051952496e+03
1.595659694610115594e+03
1.507158474944865020e+03
1.424477761530261432e+03
1.347193826788691240e+03
1.274916116083737734e+03
1.207284502045316685e+03
1.143966776632318442e+03
1.084656359541986831e+03
1.070717367973574483e+03
1.071725783780743541e+03
