
                            mean       std    median      5.0%     95.0%     n_eff     r_hat
                    D0      1.64      3.07      0.47      0.00      4.59     73.20      1.00
                    E0    494.16    428.29    347.35     92.68   1054.45    104.40      0.99
                    H0      1.37      1.28      0.93      0.03      3.17    201.96      1.01
                    I0    102.47    110.93     66.38     12.16    234.09     59.26      1.01
                 beta0      1.60      0.98      1.46      0.20      3.01     20.00      1.05
  confirmed_dispersion      0.37      0.13      0.36      0.19      0.56    156.88      0.99
      death_dispersion      0.49      0.11      0.48      0.31      0.62    164.21      0.99
            death_prob      0.01      0.01      0.01      0.00      0.03     21.40      1.06
            death_rate      0.09      0.03      0.09      0.05      0.14    106.91      1.02
           det_prob[0]      0.26      0.07      0.26      0.15      0.37    104.41      0.99
           det_prob[1]      0.25      0.07      0.25      0.14      0.35    113.91      0.99
           det_prob[2]      0.25      0.08      0.24      0.14      0.36     79.07      0.99
           det_prob[3]      0.24      0.08      0.24      0.12      0.36     49.94      0.99
           det_prob[4]      0.23      0.08      0.23      0.11      0.35     43.31      1.00
           det_prob[5]      0.22      0.08      0.21      0.10      0.35     35.55      1.00
           det_prob[6]      0.22      0.08      0.21      0.09      0.35     30.41      1.00
           det_prob[7]      0.22      0.09      0.20      0.10      0.35     26.58      1.00
           det_prob[8]      0.21      0.09      0.20      0.09      0.36     27.49      0.99
           det_prob[9]      0.22      0.09      0.20      0.09      0.35     26.14      1.00
          det_prob[10]      0.22      0.10      0.19      0.07      0.36     22.71      1.01
          det_prob[11]      0.21      0.09      0.19      0.07      0.34     20.76      1.01
          det_prob[12]      0.20      0.10      0.17      0.06      0.34     24.66      1.00
          det_prob[13]      0.20      0.10      0.18      0.06      0.35     24.58      1.01
          det_prob[14]      0.21      0.11      0.18      0.07      0.36     20.44      1.02
          det_prob[15]      0.21      0.11      0.19      0.05      0.36     22.38      1.00
          det_prob[16]      0.21      0.11      0.20      0.06      0.39     23.77      1.00
          det_prob[17]      0.22      0.12      0.18      0.06      0.40     20.50      1.01
          det_prob[18]      0.22      0.12      0.19      0.06      0.40     17.91      1.02
          det_prob[19]      0.22      0.12      0.19      0.07      0.40     18.95      1.03
          det_prob[20]      0.22      0.12      0.19      0.07      0.43     18.66      1.03
          det_prob[21]      0.23      0.13      0.20      0.07      0.44     18.50      1.03
          det_prob[22]      0.24      0.13      0.21      0.06      0.42     18.01      1.02
          det_prob[23]      0.25      0.13      0.23      0.06      0.41     19.71      1.04
          det_prob[24]      0.26      0.13      0.24      0.07      0.44     20.30      1.03
          det_prob[25]      0.26      0.13      0.24      0.09      0.48     18.35      1.04
          det_prob[26]      0.26      0.14      0.24      0.06      0.45     19.05      1.04
          det_prob[27]      0.27      0.14      0.25      0.06      0.48     17.84      1.05
          det_prob[28]      0.27      0.14      0.25      0.07      0.46     18.76      1.04
          det_prob[29]      0.26      0.14      0.23      0.07      0.48     19.33      1.03
          det_prob[30]      0.26      0.13      0.24      0.05      0.43     18.99      1.03
          det_prob[31]      0.26      0.14      0.24      0.06      0.46     18.20      1.04
          det_prob[32]      0.27      0.13      0.25      0.07      0.43     18.97      1.06
          det_prob[33]      0.26      0.13      0.26      0.06      0.43     21.65      1.06
          det_prob[34]      0.26      0.13      0.26      0.05      0.43     21.14      1.08
          det_prob[35]      0.27      0.13      0.27      0.05      0.46     21.38      1.08
          det_prob[36]      0.27      0.13      0.27      0.05      0.48     20.40      1.09
          det_prob[37]      0.28      0.13      0.27      0.05      0.46     18.04      1.13
          det_prob[38]      0.28      0.13      0.27      0.07      0.46     19.80      1.10
          det_prob[39]      0.27      0.13      0.27      0.06      0.46     17.94      1.12
          det_prob[40]      0.27      0.14      0.26      0.06      0.48     19.66      1.13
          det_prob[41]      0.28      0.14      0.28      0.08      0.50     17.31      1.17
          det_prob[42]      0.28      0.15      0.27      0.07      0.50     20.45      1.14
          det_prob[43]      0.28      0.15      0.28      0.05      0.48     25.63      1.12
          det_prob[44]      0.29      0.15      0.28      0.07      0.52     21.21      1.13
          det_prob[45]      0.29      0.15      0.27      0.08      0.54     21.07      1.12
          det_prob[46]      0.30      0.16      0.26      0.06      0.53     22.47      1.13
          det_prob[47]      0.30      0.17      0.27      0.06      0.57     30.41      1.08
          det_prob[48]      0.31      0.17      0.27      0.07      0.56     33.09      1.07
             det_prob0      0.27      0.06      0.27      0.19      0.40    119.32      0.99
            det_prob_d      0.90      0.03      0.90      0.84      0.95    190.39      0.99
                 gamma      0.49      0.17      0.48      0.22      0.72    196.28      1.00
                 rw[0]      0.14      1.02     -0.03     -1.59      1.67     49.87      1.03
                 rw[1]      0.42      1.47      0.24     -1.47      3.25     31.77      1.02
                 rw[2]      0.64      2.04      0.49     -2.45      3.96     26.03      1.04
                 rw[3]      1.01      2.19      0.84     -2.24      4.67     19.59      1.04
                 rw[4]      1.20      2.57      0.95     -3.87      4.61     16.00      1.07
                 rw[5]      1.32      2.65      1.10     -3.20      5.53     14.87      1.08
                 rw[6]      1.35      2.82      0.76     -2.30      6.78     10.31      1.14
                 rw[7]      1.15      3.09      0.48     -2.65      7.35     10.09      1.16
                 rw[8]      0.97      3.26      0.30     -4.53      6.68     10.22      1.16
                 rw[9]      0.54      3.25      0.07     -4.14      6.70     10.48      1.13
                rw[10]      0.09      3.32     -0.29     -6.47      4.74     10.63      1.12
                rw[11]     -0.49      3.41     -0.96     -5.71      5.46      9.88      1.13
                rw[12]     -1.28      3.37     -1.78     -6.70      4.36      9.96      1.12
                rw[13]     -1.82      3.50     -2.40     -6.48      4.43     10.51      1.12
                rw[14]     -2.42      3.43     -2.97     -7.59      4.28     10.09      1.12
                rw[15]     -2.87      3.47     -3.62     -7.47      3.73     10.07      1.14
                rw[16]     -3.16      3.55     -3.69     -7.13      4.24     10.17      1.13
                rw[17]     -3.43      3.51     -3.82     -8.79      2.73      9.93      1.15
                rw[18]     -3.67      3.59     -4.13     -9.11      2.21     10.58      1.16
                rw[19]     -4.08      3.62     -4.88     -9.87      1.35     11.14      1.15
                rw[20]     -4.35      3.62     -5.25     -9.25      2.09     11.15      1.16
                rw[21]     -4.41      3.63     -4.85    -10.14      1.64     11.71      1.13
                rw[22]     -4.69      3.76     -5.35    -10.23      2.36     11.74      1.11
                rw[23]     -4.89      3.82     -5.38    -10.65      2.23     11.44      1.12
                rw[24]     -5.14      3.78     -5.96    -10.82      2.15     10.40      1.13
                rw[25]     -5.44      3.79     -5.90     -9.78      2.80     10.72      1.13
                rw[26]     -5.49      3.67     -6.31     -9.89      1.40     10.76      1.12
                rw[27]     -5.58      3.70     -6.40    -10.15      1.55     10.42      1.12
                rw[28]     -5.84      3.56     -6.67    -11.19      0.74     10.11      1.12
                rw[29]     -5.83      3.67     -6.53    -10.89      1.28     10.51      1.11
                rw[30]     -5.75      3.87     -6.23    -11.31      1.54     10.82      1.10
                rw[31]     -5.92      3.90     -6.57    -12.28      1.32     10.56      1.12
                rw[32]     -5.82      3.93     -6.48    -11.80      1.54     10.32      1.10
                rw[33]     -5.72      3.93     -6.77    -11.18      1.78     10.08      1.10
                rw[34]     -5.67      3.89     -6.18    -10.67      2.40     10.36      1.09
                rw[35]     -5.68      3.93     -6.11    -12.32      0.53     11.31      1.09
                rw[36]     -5.66      4.08     -5.68    -12.46      0.95     12.15      1.08
                rw[37]     -5.67      4.18     -5.90    -11.67      2.40     12.38      1.07
                rw[38]     -5.56      4.24     -5.87    -12.93      1.41     12.63      1.08
                rw[39]     -5.59      4.39     -5.96    -12.96      1.46     13.40      1.06
                rw[40]     -5.59      4.28     -6.07    -11.71      2.36     12.41      1.08
                rw[41]     -5.60      4.32     -5.68    -11.62      2.14     12.40      1.08
                rw[42]     -5.65      4.56     -6.31    -12.62      2.65     13.18      1.09
                rw[43]     -5.72      4.61     -5.94    -14.11      0.65     14.17      1.07
                rw[44]     -5.53      4.73     -5.84    -14.17      0.62     14.54      1.05
                rw[45]     -5.50      4.84     -5.66    -13.85      1.21     14.40      1.07
                rw[46]     -5.50      4.87     -5.59    -14.36      1.18     16.07      1.05
                rw[47]     -5.52      4.66     -5.27    -12.40      2.02     17.06      1.05
                rw[48]     -5.53      4.84     -5.60    -14.65      1.77     17.62      1.05
                 sigma      0.17      0.07      0.15      0.06      0.27     71.10      1.03

Number of divergences: 0
