
                             mean       std    median      5.0%     95.0%     n_eff     r_hat
                  D0[0]    151.06    124.71    121.64      6.02    300.62    149.68      1.02
                  D0[1]      2.01      1.82      1.57      0.02      4.35    139.31      0.99
                  E0[0]  11512.82  10072.44   9205.08    275.09  27552.30     24.03      1.02
                  E0[1]    268.27    220.56    203.48     31.61    638.71     91.28      0.99
                  H0[0]   9498.57   4850.00   9676.86   1502.96  16486.51     62.71      1.00
                  H0[1]   3218.28   1756.18   3318.16    550.66   6043.19    141.12      0.99
                  I0[0]   2902.77   1224.62   2761.85   1106.50   4610.33     98.76      0.99
                  I0[1]     60.73     43.54     47.19     18.54    114.92     67.97      0.99
               beta0[0]      2.64      1.07      2.43      1.12      4.41     10.60      1.11
               beta0[1]      2.55      1.51      2.11      0.60      4.34     20.02      1.00
confirmed_dispersion[0]      0.24      0.05      0.24      0.18      0.32     85.29      1.00
confirmed_dispersion[1]      0.38      0.10      0.37      0.24      0.49     81.17      1.00
    death_dispersion[0]      0.33      0.03      0.33      0.29      0.39    111.80      1.00
    death_dispersion[1]      0.62      0.13      0.59      0.44      0.81    112.02      0.99
          death_prob[0]      0.05      0.01      0.05      0.03      0.07     20.58      1.08
          death_prob[1]      0.03      0.01      0.03      0.02      0.05     19.95      1.00
          death_rate[0]      0.14      0.04      0.13      0.09      0.20    112.61      0.99
          death_rate[1]      0.11      0.02      0.10      0.07      0.14     95.67      1.00
          det_prob[0,0]      0.27      0.04      0.27      0.21      0.32     38.09      0.99
          det_prob[0,1]      0.26      0.05      0.25      0.20      0.34     28.14      1.02
          det_prob[0,2]      0.26      0.06      0.25      0.17      0.35     34.19      1.03
          det_prob[0,3]      0.23      0.05      0.23      0.15      0.31     29.13      1.02
          det_prob[0,4]      0.21      0.06      0.21      0.13      0.34     27.52      1.01
          det_prob[0,5]      0.20      0.06      0.19      0.11      0.32     22.63      1.05
          det_prob[0,6]      0.20      0.06      0.20      0.10      0.29     25.89      1.05
          det_prob[0,7]      0.19      0.06      0.18      0.08      0.27     23.02      1.06
          det_prob[0,8]      0.19      0.06      0.18      0.11      0.29     21.82      1.06
          det_prob[0,9]      0.19      0.06      0.19      0.08      0.27     21.31      1.07
         det_prob[0,10]      0.20      0.06      0.19      0.08      0.29     22.19      1.09
         det_prob[0,11]      0.20      0.06      0.20      0.10      0.30     21.82      1.07
         det_prob[0,12]      0.20      0.07      0.19      0.09      0.28     25.36      1.05
         det_prob[0,13]      0.20      0.07      0.19      0.10      0.30     21.55      1.08
         det_prob[0,14]      0.21      0.07      0.21      0.11      0.32     24.10      1.07
         det_prob[0,15]      0.21      0.07      0.21      0.10      0.31     23.68      1.08
         det_prob[0,16]      0.22      0.07      0.21      0.11      0.31     23.03      1.07
         det_prob[0,17]      0.22      0.06      0.21      0.10      0.31     20.71      1.10
         det_prob[0,18]      0.22      0.07      0.21      0.12      0.32     17.51      1.10
         det_prob[0,19]      0.20      0.06      0.19      0.12      0.29     25.44      1.07
         det_prob[0,20]      0.20      0.06      0.19      0.11      0.29     24.83      1.07
         det_prob[0,21]      0.19      0.06      0.19      0.09      0.28     22.18      1.06
         det_prob[0,22]      0.19      0.06      0.19      0.10      0.28     17.19      1.15
         det_prob[0,23]      0.18      0.06      0.17      0.08      0.27     21.06      1.09
         det_prob[0,24]      0.18      0.06      0.17      0.07      0.26     26.16      1.04
         det_prob[0,25]      0.16      0.05      0.16      0.07      0.24     30.58      1.02
         det_prob[0,26]      0.15      0.05      0.15      0.07      0.23     28.03      1.03
         det_prob[0,27]      0.14      0.05      0.13      0.07      0.23     26.29      1.00
         det_prob[0,28]      0.14      0.05      0.13      0.06      0.22     22.99      1.02
         det_prob[0,29]      0.14      0.04      0.14      0.06      0.21     24.16      1.04
         det_prob[0,30]      0.13      0.04      0.13      0.07      0.20     23.19      1.09
         det_prob[0,31]      0.12      0.04      0.12      0.06      0.18     27.52      1.08
         det_prob[0,32]      0.11      0.04      0.11      0.05      0.17     31.34      1.09
         det_prob[0,33]      0.11      0.04      0.10      0.06      0.17     30.75      1.06
         det_prob[0,34]      0.11      0.04      0.10      0.04      0.17     33.79      1.05
         det_prob[0,35]      0.11      0.04      0.10      0.05      0.17     37.45      1.03
         det_prob[0,36]      0.12      0.04      0.10      0.06      0.19     40.58      1.03
         det_prob[0,37]      0.14      0.05      0.13      0.06      0.21     32.91      1.04
         det_prob[0,38]      0.15      0.05      0.14      0.06      0.23     28.60      1.04
         det_prob[0,39]      0.17      0.06      0.17      0.09      0.26     28.42      1.04
         det_prob[0,40]      0.16      0.05      0.16      0.06      0.22     29.40      1.05
         det_prob[0,41]      0.15      0.06      0.14      0.07      0.22     36.55      1.04
         det_prob[0,42]      0.15      0.06      0.14      0.06      0.22     39.52      1.03
         det_prob[0,43]      0.16      0.06      0.15      0.06      0.25     36.01      1.04
         det_prob[0,44]      0.16      0.07      0.16      0.06      0.25     35.69      1.04
         det_prob[0,45]      0.17      0.07      0.16      0.07      0.30     41.32      1.02
         det_prob[0,46]      0.18      0.08      0.17      0.05      0.30     41.80      1.02
         det_prob[0,47]      0.18      0.08      0.17      0.05      0.29     39.08      1.02
          det_prob[1,0]      0.29      0.04      0.29      0.23      0.35     61.80      0.99
          det_prob[1,1]      0.27      0.05      0.27      0.16      0.33     67.17      0.99
          det_prob[1,2]      0.26      0.06      0.25      0.17      0.35     37.10      1.00
          det_prob[1,3]      0.25      0.06      0.24      0.15      0.36     51.43      1.00
          det_prob[1,4]      0.25      0.07      0.23      0.14      0.36     44.68      0.99
          det_prob[1,5]      0.24      0.07      0.23      0.12      0.34     41.70      1.01
          det_prob[1,6]      0.24      0.07      0.22      0.12      0.34     36.66      1.02
          det_prob[1,7]      0.23      0.08      0.22      0.12      0.35     33.77      1.04
          det_prob[1,8]      0.23      0.08      0.23      0.11      0.33     36.71      1.03
          det_prob[1,9]      0.23      0.08      0.22      0.13      0.35     31.76      1.01
         det_prob[1,10]      0.24      0.08      0.22      0.13      0.38     32.42      1.00
         det_prob[1,11]      0.24      0.07      0.23      0.12      0.32     28.75      1.00
         det_prob[1,12]      0.24      0.07      0.23      0.13      0.34     25.10      1.00
         det_prob[1,13]      0.24      0.07      0.22      0.12      0.36     23.95      0.99
         det_prob[1,14]      0.23      0.07      0.22      0.14      0.35     23.73      0.99
         det_prob[1,15]      0.23      0.07      0.21      0.11      0.33     28.25      0.99
         det_prob[1,16]      0.22      0.07      0.21      0.11      0.33     33.66      0.99
         det_prob[1,17]      0.21      0.08      0.20      0.11      0.32     31.94      0.99
         det_prob[1,18]      0.20      0.07      0.19      0.08      0.29     30.54      0.99
         det_prob[1,19]      0.19      0.07      0.17      0.11      0.30     28.53      0.99
         det_prob[1,20]      0.19      0.06      0.17      0.10      0.30     27.88      0.99
         det_prob[1,21]      0.17      0.05      0.16      0.11      0.28     34.64      0.99
         det_prob[1,22]      0.16      0.06      0.15      0.09      0.26     30.32      1.00
         det_prob[1,23]      0.16      0.05      0.14      0.08      0.23     28.47      0.99
         det_prob[1,24]      0.15      0.05      0.13      0.07      0.21     29.07      1.01
         det_prob[1,25]      0.14      0.06      0.12      0.05      0.21     33.68      1.01
         det_prob[1,26]      0.14      0.05      0.12      0.07      0.23     26.36      1.01
         det_prob[1,27]      0.13      0.06      0.11      0.07      0.24     25.95      1.00
         det_prob[1,28]      0.14      0.06      0.12      0.07      0.23     23.67      0.99
         det_prob[1,29]      0.13      0.06      0.11      0.05      0.22     23.04      0.99
         det_prob[1,30]      0.14      0.06      0.13      0.05      0.22     20.68      1.00
         det_prob[1,31]      0.14      0.06      0.12      0.07      0.21     19.94      1.01
         det_prob[1,32]      0.14      0.06      0.12      0.06      0.24     18.53      1.00
         det_prob[1,33]      0.13      0.06      0.12      0.06      0.21     19.80      1.01
         det_prob[1,34]      0.13      0.06      0.11      0.06      0.22     18.60      1.00
         det_prob[1,35]      0.13      0.06      0.11      0.05      0.22     20.44      1.00
         det_prob[1,36]      0.13      0.06      0.11      0.06      0.23     18.92      1.00
         det_prob[1,37]      0.13      0.06      0.11      0.05      0.23     18.03      1.00
         det_prob[1,38]      0.14      0.07      0.12      0.06      0.25     17.65      1.00
         det_prob[1,39]      0.15      0.07      0.13      0.08      0.29     16.50      1.02
         det_prob[1,40]      0.14      0.07      0.12      0.06      0.25     18.14      1.01
         det_prob[1,41]      0.14      0.07      0.12      0.06      0.26     17.53      1.01
         det_prob[1,42]      0.14      0.08      0.12      0.05      0.26     18.91      1.01
         det_prob[1,43]      0.15      0.08      0.13      0.04      0.25     20.87      1.00
         det_prob[1,44]      0.15      0.08      0.13      0.05      0.27     20.74      1.00
         det_prob[1,45]      0.15      0.07      0.13      0.05      0.26     19.19      1.01
         det_prob[1,46]      0.16      0.08      0.14      0.04      0.26     19.04      1.02
         det_prob[1,47]      0.16      0.08      0.14      0.05      0.26     17.88      1.01
           det_prob0[0]      0.28      0.06      0.28      0.17      0.36    164.10      0.99
           det_prob0[1]      0.29      0.06      0.29      0.19      0.37    116.44      1.00
          det_prob_d[0]      0.90      0.03      0.90      0.86      0.95    229.49      0.99
          det_prob_d[1]      0.90      0.03      0.90      0.86      0.94    152.32      0.99
               gamma[0]      0.58      0.15      0.57      0.35      0.83     73.01      0.99
               gamma[1]      0.46      0.14      0.45      0.27      0.68     52.51      1.00
                rw[0,0]      1.03      0.21      1.02      0.71      1.37     29.57      0.99
                rw[0,1]      1.09      0.33      1.03      0.60      1.62     16.47      1.01
                rw[0,2]      1.17      0.43      1.08      0.55      1.84     20.83      0.99
                rw[0,3]      1.13      0.40      1.11      0.52      1.72     15.72      0.99
                rw[0,4]      1.06      0.40      1.03      0.47      1.56     13.02      0.99
                rw[0,5]      0.92      0.37      0.86      0.32      1.31     12.00      1.00
                rw[0,6]      0.80      0.36      0.74      0.33      1.32     12.02      1.02
                rw[0,7]      0.62      0.28      0.58      0.23      1.00     10.97      1.03
                rw[0,8]      0.50      0.21      0.49      0.20      0.75     12.06      1.04
                rw[0,9]      0.41      0.16      0.39      0.15      0.64     10.46      1.05
               rw[0,10]      0.35      0.15      0.32      0.15      0.59     11.59      1.01
               rw[0,11]      0.32      0.15      0.29      0.15      0.54     13.63      1.00
               rw[0,12]      0.31      0.17      0.28      0.12      0.49     17.91      0.99
               rw[0,13]      0.29      0.13      0.27      0.12      0.49     13.84      1.00
               rw[0,14]      0.30      0.14      0.27      0.11      0.49     17.78      1.00
               rw[0,15]      0.29      0.13      0.28      0.14      0.47     17.14      1.01
               rw[0,16]      0.31      0.16      0.27      0.08      0.52     13.65      1.03
               rw[0,17]      0.32      0.16      0.28      0.13      0.52     12.54      1.02
               rw[0,18]      0.33      0.18      0.27      0.10      0.53     14.98      1.02
               rw[0,19]      0.33      0.15      0.30      0.13      0.53     14.47      1.01
               rw[0,20]      0.33      0.14      0.30      0.09      0.51     15.24      1.01
               rw[0,21]      0.34      0.15      0.32      0.11      0.51     15.80      1.02
               rw[0,22]      0.33      0.14      0.31      0.13      0.52     15.26      1.01
               rw[0,23]      0.33      0.16      0.31      0.13      0.52     16.52      1.01
               rw[0,24]      0.32      0.15      0.30      0.09      0.49     14.94      1.00
               rw[0,25]      0.32      0.16      0.30      0.12      0.54     15.52      1.00
               rw[0,26]      0.32      0.16      0.28      0.11      0.52     13.66      1.00
               rw[0,27]      0.32      0.16      0.27      0.10      0.51     13.66      1.00
               rw[0,28]      0.32      0.16      0.29      0.08      0.51     14.94      1.00
               rw[0,29]      0.32      0.16      0.29      0.09      0.51     13.48      1.00
               rw[0,30]      0.31      0.15      0.28      0.11      0.54     14.16      1.01
               rw[0,31]      0.30      0.14      0.28      0.06      0.49     16.92      1.00
               rw[0,32]      0.27      0.14      0.25      0.09      0.51     15.04      1.00
               rw[0,33]      0.25      0.13      0.23      0.08      0.49     14.97      1.01
               rw[0,34]      0.22      0.10      0.21      0.05      0.35     14.45      1.01
               rw[0,35]      0.20      0.09      0.19      0.06      0.32     10.49      1.03
               rw[0,36]      0.19      0.09      0.18      0.04      0.30     11.63      1.02
               rw[0,37]      0.19      0.08      0.18      0.03      0.30     11.54      1.03
               rw[0,38]      0.18      0.08      0.16      0.04      0.29     12.67      1.05
               rw[0,39]      0.17      0.08      0.16      0.05      0.29     14.56      1.03
               rw[0,40]      0.16      0.08      0.15      0.04      0.27     18.97      1.01
               rw[0,41]      0.16      0.09      0.14      0.03      0.26     19.00      1.00
               rw[0,42]      0.16      0.09      0.15      0.05      0.29     16.43      1.03
               rw[0,43]      0.15      0.08      0.13      0.04      0.27     17.14      1.03
               rw[0,44]      0.16      0.10      0.14      0.03      0.28     21.34      1.04
               rw[0,45]      0.16      0.10      0.14      0.03      0.31     22.43      1.02
               rw[0,46]      0.17      0.11      0.15      0.03      0.29     18.07      1.05
               rw[0,47]      0.17      0.12      0.14      0.03      0.28     22.58      1.03
               rw[0,48]      0.18      0.13      0.14      0.04      0.34     22.72      1.02
                rw[1,0]      0.96      0.21      0.94      0.59      1.25     33.05      0.99
                rw[1,1]      0.98      0.31      0.92      0.57      1.46     27.74      0.99
                rw[1,2]      1.00      0.40      0.93      0.43      1.53     21.79      0.99
                rw[1,3]      0.99      0.39      0.94      0.41      1.54     20.04      1.00
                rw[1,4]      1.00      0.46      0.92      0.37      1.70     19.43      0.99
                rw[1,5]      1.02      0.54      0.88      0.35      1.79     15.95      1.00
                rw[1,6]      0.97      0.50      0.84      0.33      1.71     14.26      1.01
                rw[1,7]      0.92      0.48      0.80      0.29      1.74     14.04      1.02
                rw[1,8]      0.87      0.43      0.74      0.27      1.47     14.13      1.01
                rw[1,9]      0.80      0.43      0.65      0.30      1.47     13.90      1.01
               rw[1,10]      0.74      0.38      0.65      0.23      1.31     14.21      1.02
               rw[1,11]      0.71      0.38      0.63      0.17      1.23     14.67      1.02
               rw[1,12]      0.66      0.35      0.58      0.28      1.20     14.66      1.02
               rw[1,13]      0.62      0.32      0.54      0.18      1.09     13.09      1.02
               rw[1,14]      0.58      0.29      0.53      0.21      0.99     13.15      1.04
               rw[1,15]      0.56      0.33      0.52      0.15      0.92     15.79      1.02
               rw[1,16]      0.52      0.29      0.46      0.17      0.91     16.17      1.01
               rw[1,17]      0.48      0.25      0.44      0.15      0.88     15.23      1.01
               rw[1,18]      0.47      0.24      0.39      0.13      0.82     14.54      1.00
               rw[1,19]      0.47      0.25      0.40      0.13      0.83     13.55      1.01
               rw[1,20]      0.46      0.24      0.43      0.14      0.82     13.78      1.00
               rw[1,21]      0.44      0.23      0.38      0.12      0.80     13.98      1.02
               rw[1,22]      0.42      0.22      0.38      0.12      0.72     13.77      1.00
               rw[1,23]      0.40      0.24      0.32      0.09      0.73     13.97      1.00
               rw[1,24]      0.37      0.23      0.29      0.10      0.73     14.29      1.00
               rw[1,25]      0.34      0.22      0.29      0.11      0.67     15.69      1.00
               rw[1,26]      0.31      0.19      0.27      0.10      0.57     15.37      1.01
               rw[1,27]      0.29      0.17      0.26      0.09      0.54     14.70      1.02
               rw[1,28]      0.26      0.16      0.21      0.09      0.45     14.98      1.02
               rw[1,29]      0.23      0.13      0.19      0.05      0.40     15.60      1.01
               rw[1,30]      0.20      0.11      0.17      0.06      0.36     15.82      1.02
               rw[1,31]      0.19      0.11      0.16      0.04      0.36     13.99      1.02
               rw[1,32]      0.18      0.11      0.15      0.03      0.34     13.80      1.02
               rw[1,33]      0.16      0.10      0.13      0.03      0.32     14.07      1.02
               rw[1,34]      0.16      0.10      0.13      0.03      0.30     15.41      1.02
               rw[1,35]      0.15      0.10      0.13      0.01      0.28     15.96      1.03
               rw[1,36]      0.15      0.09      0.12      0.02      0.30     14.51      1.02
               rw[1,37]      0.15      0.11      0.12      0.01      0.29     14.35      1.02
               rw[1,38]      0.15      0.12      0.11      0.01      0.29     15.98      1.02
               rw[1,39]      0.15      0.12      0.12      0.01      0.26     17.89      1.02
               rw[1,40]      0.15      0.12      0.12      0.01      0.27     15.90      1.02
               rw[1,41]      0.14      0.11      0.12      0.01      0.24     15.03      1.02
               rw[1,42]      0.15      0.12      0.12      0.02      0.27     14.42      1.03
               rw[1,43]      0.15      0.12      0.12      0.01      0.27     15.06      1.01
               rw[1,44]      0.15      0.12      0.12      0.01      0.28     15.67      1.03
               rw[1,45]      0.16      0.14      0.13      0.01      0.32     16.34      1.02
               rw[1,46]      0.16      0.15      0.13      0.01      0.30     17.46      1.03
               rw[1,47]      0.16      0.14      0.12      0.01      0.32     15.86      1.02
               rw[1,48]      0.17      0.15      0.13      0.01      0.37     15.09      1.02
               sigma[0]      0.23      0.08      0.23      0.12      0.37     27.99      1.03
               sigma[1]      0.20      0.07      0.20      0.10      0.29     30.94      1.01

Number of divergences: 1
